#
#Thu May 14 00:38:34 JST 2015
color.r=0.9607843160629272
bgColor.g=0.5843137502670288
bgColor.b=0.929411768913269
font.size=96.0
bgColor.a=1.0
font.name=GungsuhChe
y=218.0
color.g=0.9607843160629272
x=1441.0
bgColor.r=0.3921568691730499
color.b=0.8627451062202454
color.a=1.0
